0 1 0   0 0 -1   0 0 0  1  1 1 -1 -1   320 320
0.1 0.1 0.1
5
0 20 0  0.9 0.9 0.9
20 10 0   0.5 0.5 0.9
0 0 -35   0.9 0.1 0.1
-10 5 10   0.9 0.9 0.1
-10 30 10   0.9 0.9 0.1


c
26. 0. -35.  20. 0. -50.0 10. 0  0.2 0.5 0.2   0.1 0.9 0.5   0.9 0.9 0.9  30 
d
5. -15. -60.  1.0 1.0 0.8  50.   0.2 0.5 0.2   0.1 0.2 0.8   0.5 0.5 0.5  30 
p3
0.333334 14.106835 -27.440168
7.000000 15.000000 -15.000000
9.440169 11.666666 -24.106836
0.900000 0.200000 0.100000 0.900000 0.200000 0.100000 0.000000 0.000000 0.000000 1.000000
p3
0.333334 14.106835 -27.440168
-2.106836 17.440168 -18.333334
7.000000 15.000000 -15.000000
0.900000 0.200000 0.100000 0.900000 0.200000 0.100000 0.000000 0.000000 0.000000 1.000000
p3
-3.000000 5.000000 -25.000000
6.106835 2.559831 -21.666666
3.666666 5.893165 -12.559831
0.900000 0.200000 0.100000 0.900000 0.200000 0.100000 0.000000 0.000000 0.000000 1.000000
p3
-3.000000 5.000000 -25.000000
3.666666 5.893165 -12.559831
-5.440169 8.333334 -15.893165
0.900000 0.200000 0.100000 0.900000 0.200000 0.100000 0.000000 0.000000 0.000000 1.000000
p3
-3.000000 5.000000 -25.000000
-2.106836 17.440168 -18.333334
0.333334 14.106835 -27.440168
0.900000 0.200000 0.100000 0.900000 0.200000 0.100000 0.000000 0.000000 0.000000 1.000000
p3
-3.000000 5.000000 -25.000000
-5.440169 8.333334 -15.893165
-2.106836 17.440168 -18.333334
0.900000 0.200000 0.100000 0.900000 0.200000 0.100000 0.000000 0.000000 0.000000 1.000000
p3
7.000000 15.000000 -15.000000
6.106835 2.559831 -21.666666
9.440169 11.666666 -24.106836
0.900000 0.200000 0.100000 0.900000 0.200000 0.100000 0.000000 0.000000 0.000000 1.000000
p3
7.000000 15.000000 -15.000000
3.666666 5.893165 -12.559831
6.106835 2.559831 -21.666666
0.900000 0.200000 0.100000 0.900000 0.200000 0.100000 0.000000 0.000000 0.000000 1.000000
p3
-3.000000 5.000000 -25.000000
0.333334 14.106835 -27.440168
9.440169 11.666666 -24.106836
0.900000 0.200000 0.100000 0.900000 0.200000 0.100000 0.000000 0.000000 0.000000 1.000000
p3
-3.000000 5.000000 -25.000000
9.440169 11.666666 -24.106836
6.106835 2.559831 -21.666666
0.900000 0.200000 0.100000 0.900000 0.200000 0.100000 0.000000 0.000000 0.000000 1.000000
p3
7.000000 15.000000 -15.000000
-2.106836 17.440168 -18.333334
-5.440169 8.333334 -15.893165
0.900000 0.200000 0.100000 0.900000 0.200000 0.100000 0.000000 0.000000 0.000000 1.000000
p3
7.000000 15.000000 -15.000000
-5.440169 8.333334 -15.893165
3.666666 5.893165 -12.559831
0.900000 0.200000 0.100000 0.900000 0.200000 0.100000 0.000000 0.000000 0.000000 1.000000
