0 1 0   0 0 -1   0 0 0  1  1 1 -1 -1   400 400
0.1 0.1 0.1
5
0 20 0  0.9 0.9 0.9
20 10 0   0.5 0.5 0.9
0 0 -35   0.9 0.1 0.1
-10 5 10   0.9 0.9 0.1
-10 30 10   0.9 0.9 0.1


c
26. 0. -35.  20. 0. -50.0 10. 0  0.2 0.5 0.2   0.1 0.9 0.5   0.9 0.9 0.9  30 

d
5. -15. -60.  1.0 1.0 0.8  50.   0.2 0.5 0.2   0.1 0.2 0.8   0.5 0.5 0.5  30 
p3
2.000000 10.000000 -28.000000
4.000000 11.453088 -27.608456
4.472136 10.000000 -27.608456
0.900000 0.200000 0.100000 0.900000 0.200000 0.100000 0.000000 0.000000 0.000000 1.000000.000000
p3
2.000000 10.000000 -28.000000
2.763936 12.351144 -27.608456
4.000000 11.453088 -27.608456
0.900000 0.200000 0.100000 0.900000 0.200000 0.100000 0.000000 0.000000 0.000000 1.000000.000000
p3
2.000000 10.000000 -28.000000
1.236064 12.351144 -27.608456
2.763936 12.351144 -27.608456
0.900000 0.200000 0.100000 0.900000 0.200000 0.100000 0.000000 0.000000 0.000000 1.000000.000000
p3
2.000000 10.000000 -28.000000
0.000000 11.453088 -27.608456
1.236064 12.351144 -27.608456
0.900000 0.200000 0.100000 0.900000 0.200000 0.100000 0.000000 0.000000 0.000000 1.000000.000000
p3
2.000000 10.000000 -28.000000
-0.472136 10.000000 -27.608456
0.000000 11.453088 -27.608456
0.900000 0.200000 0.100000 0.900000 0.200000 0.100000 0.000000 0.000000 0.000000 1.000000.000000
p3
2.000000 10.000000 -28.000000
0.000000 8.546912 -27.608456
-0.472136 10.000000 -27.608456
0.900000 0.200000 0.100000 0.900000 0.200000 0.100000 0.000000 0.000000 0.000000 1.000000.000000
p3
2.000000 10.000000 -28.000000
1.236064 7.648856 -27.608456
0.000000 8.546912 -27.608456
0.900000 0.200000 0.100000 0.900000 0.200000 0.100000 0.000000 0.000000 0.000000 1.000000.000000
p3
2.000000 10.000000 -28.000000
2.763936 7.648856 -27.608456
1.236064 7.648856 -27.608456
0.900000 0.200000 0.100000 0.900000 0.200000 0.100000 0.000000 0.000000 0.000000 1.000000.000000
p3
2.000000 10.000000 -28.000000
4.000000 8.546912 -27.608456
2.763936 7.648856 -27.608456
0.900000 0.200000 0.100000 0.900000 0.200000 0.100000 0.000000 0.000000 0.000000 1.000000.000000
p3
2.000000 10.000000 -28.000000
4.472136 10.000000 -27.608456
4.000000 8.546912 -27.608456
0.900000 0.200000 0.100000 0.900000 0.200000 0.100000 0.000000 0.000000 0.000000 1.000000.000000
p4
4.472136 10.000000 -27.608456
4.000000 11.453088 -27.608456
5.804224 12.763936 -26.472136
6.702280 10.000000 -26.472136
0.900000 0.200000 0.100000 0.900000 0.200000 0.100000 0.000000 0.000000 0.000000 1.000000.000000
p4
4.000000 11.453088 -27.608456
2.763936 12.351144 -27.608456
3.453088 14.472136 -26.472136
5.804224 12.763936 -26.472136
0.900000 0.200000 0.100000 0.900000 0.200000 0.100000 0.000000 0.000000 0.000000 1.000000.000000
p4
2.763936 12.351144 -27.608456
1.236064 12.351144 -27.608456
0.546912 14.472136 -26.472136
3.453088 14.472136 -26.472136
0.900000 0.200000 0.100000 0.900000 0.200000 0.100000 0.000000 0.000000 0.000000 1.000000.000000
p4
1.236064 12.351144 -27.608456
0.000000 11.453088 -27.608456
-1.804224 12.763936 -26.472136
0.546912 14.472136 -26.472136
0.900000 0.200000 0.100000 0.900000 0.200000 0.100000 0.000000 0.000000 0.000000 1.000000.000000
p4
0.000000 11.453088 -27.608456
-0.472136 10.000000 -27.608456
-2.702280 10.000000 -26.472136
-1.804224 12.763936 -26.472136
0.900000 0.200000 0.100000 0.900000 0.200000 0.100000 0.000000 0.000000 0.000000 1.000000.000000
p4
-0.472136 10.000000 -27.608456
0.000000 8.546912 -27.608456
-1.804224 7.236064 -26.472136
-2.702280 10.000000 -26.472136
0.900000 0.200000 0.100000 0.900000 0.200000 0.100000 0.000000 0.000000 0.000000 1.000000.000000
p4
0.000000 8.546912 -27.608456
1.236064 7.648856 -27.608456
0.546912 5.527864 -26.472136
-1.804224 7.236064 -26.472136
0.900000 0.200000 0.100000 0.900000 0.200000 0.100000 0.000000 0.000000 0.000000 1.000000.000000
p4
1.236064 7.648856 -27.608456
2.763936 7.648856 -27.608456
3.453088 5.527864 -26.472136
0.546912 5.527864 -26.472136
0.900000 0.200000 0.100000 0.900000 0.200000 0.100000 0.000000 0.000000 0.000000 1.000000.000000
p4
2.763936 7.648856 -27.608456
4.000000 8.546912 -27.608456
5.804224 7.236064 -26.472136
3.453088 5.527864 -26.472136
0.900000 0.200000 0.100000 0.900000 0.200000 0.100000 0.000000 0.000000 0.000000 1.000000.000000
p4
4.000000 8.546912 -27.608456
4.472136 10.000000 -27.608456
6.702280 10.000000 -26.472136
5.804224 7.236064 -26.472136
0.900000 0.200000 0.100000 0.900000 0.200000 0.100000 0.000000 0.000000 0.000000 1.000000.000000
p4
6.702280 10.000000 -26.472136
5.804224 12.763936 -26.472136
7.236064 13.804224 -24.702280
8.472136 10.000000 -24.702280
0.900000 0.200000 0.100000 0.900000 0.200000 0.100000 0.000000 0.000000 0.000000 1.000000.000000
p4
5.804224 12.763936 -26.472136
3.453088 14.472136 -26.472136
4.000000 16.155369 -24.702280
7.236064 13.804224 -24.702280
0.900000 0.200000 0.100000 0.900000 0.200000 0.100000 0.000000 0.000000 0.000000 1.000000.000000
p4
3.453088 14.472136 -26.472136
0.546912 14.472136 -26.472136
0.000000 16.155369 -24.702280
4.000000 16.155369 -24.702280
0.900000 0.200000 0.100000 0.900000 0.200000 0.100000 0.000000 0.000000 0.000000 1.000000.000000
p4
0.546912 14.472136 -26.472136
-1.804224 12.763936 -26.472136
-3.236064 13.804224 -24.702280
0.000000 16.155369 -24.702280
0.900000 0.200000 0.100000 0.900000 0.200000 0.100000 0.000000 0.000000 0.000000 1.000000.000000
p4
-1.804224 12.763936 -26.472136
-2.702280 10.000000 -26.472136
-4.472136 10.000000 -24.702280
-3.236064 13.804224 -24.702280
0.900000 0.200000 0.100000 0.900000 0.200000 0.100000 0.000000 0.000000 0.000000 1.000000.000000
p4
-2.702280 10.000000 -26.472136
-1.804224 7.236064 -26.472136
-3.236064 6.195776 -24.702280
-4.472136 10.000000 -24.702280
0.900000 0.200000 0.100000 0.900000 0.200000 0.100000 0.000000 0.000000 0.000000 1.000000.000000
p4
-1.804224 7.236064 -26.472136
0.546912 5.527864 -26.472136
0.000000 3.844632 -24.702280
-3.236064 6.195776 -24.702280
0.900000 0.200000 0.100000 0.900000 0.200000 0.100000 0.000000 0.000000 0.000000 1.000000.000000
p4
0.546912 5.527864 -26.472136
3.453088 5.527864 -26.472136
4.000000 3.844632 -24.702280
0.000000 3.844632 -24.702280
0.900000 0.200000 0.100000 0.900000 0.200000 0.100000 0.000000 0.000000 0.000000 1.000000.000000
p4
3.453088 5.527864 -26.472136
5.804224 7.236064 -26.472136
7.236064 6.195776 -24.702280
4.000000 3.844632 -24.702280
0.900000 0.200000 0.100000 0.900000 0.200000 0.100000 0.000000 0.000000 0.000000 1.000000.000000
p4
5.804224 7.236064 -26.472136
6.702280 10.000000 -26.472136
8.472136 10.000000 -24.702280
7.236064 6.195776 -24.702280
0.900000 0.200000 0.100000 0.900000 0.200000 0.100000 0.000000 0.000000 0.000000 1.000000.000000
p4
8.472136 10.000000 -24.702280
7.236064 13.804224 -24.702280
8.155368 14.472136 -22.472136
9.608456 10.000000 -22.472136
0.900000 0.200000 0.100000 0.900000 0.200000 0.100000 0.000000 0.000000 0.000000 1.000000.000000
p4
7.236064 13.804224 -24.702280
4.000000 16.155369 -24.702280
4.351144 17.236065 -22.472136
8.155368 14.472136 -22.472136
0.900000 0.200000 0.100000 0.900000 0.200000 0.100000 0.000000 0.000000 0.000000 1.000000.000000
p4
4.000000 16.155369 -24.702280
0.000000 16.155369 -24.702280
-0.351144 17.236065 -22.472136
4.351144 17.236065 -22.472136
0.900000 0.200000 0.100000 0.900000 0.200000 0.100000 0.000000 0.000000 0.000000 1.000000.000000
p4
0.000000 16.155369 -24.702280
-3.236064 13.804224 -24.702280
-4.155368 14.472136 -22.472136
-0.351144 17.236065 -22.472136
0.900000 0.200000 0.100000 0.900000 0.200000 0.100000 0.000000 0.000000 0.000000 1.000000.000000
p4
-3.236064 13.804224 -24.702280
-4.472136 10.000000 -24.702280
-5.608456 10.000000 -22.472136
-4.155368 14.472136 -22.472136
0.900000 0.200000 0.100000 0.900000 0.200000 0.100000 0.000000 0.000000 0.000000 1.000000.000000
p4
-4.472136 10.000000 -24.702280
-3.236064 6.195776 -24.702280
-4.155368 5.527864 -22.472136
-5.608456 10.000000 -22.472136
0.900000 0.200000 0.100000 0.900000 0.200000 0.100000 0.000000 0.000000 0.000000 1.000000.000000
p4
-3.236064 6.195776 -24.702280
0.000000 3.844632 -24.702280
-0.351144 2.763936 -22.472136
-4.155368 5.527864 -22.472136
0.900000 0.200000 0.100000 0.900000 0.200000 0.100000 0.000000 0.000000 0.000000 1.000000.000000
p4
0.000000 3.844632 -24.702280
4.000000 3.844632 -24.702280
4.351144 2.763936 -22.472136
-0.351144 2.763936 -22.472136
0.900000 0.200000 0.100000 0.900000 0.200000 0.100000 0.000000 0.000000 0.000000 1.000000.000000
p4
4.000000 3.844632 -24.702280
7.236064 6.195776 -24.702280
8.155368 5.527864 -22.472136
4.351144 2.763936 -22.472136
0.900000 0.200000 0.100000 0.900000 0.200000 0.100000 0.000000 0.000000 0.000000 1.000000.000000
p4
7.236064 6.195776 -24.702280
8.472136 10.000000 -24.702280
9.608456 10.000000 -22.472136
8.155368 5.527864 -22.472136
0.900000 0.200000 0.100000 0.900000 0.200000 0.100000 0.000000 0.000000 0.000000 1.000000.000000
p4
9.608456 10.000000 -22.472136
8.155368 14.472136 -22.472136
8.472136 14.702280 -20.000000
10.000000 10.000000 -20.000000
0.900000 0.200000 0.100000 0.900000 0.200000 0.100000 0.000000 0.000000 0.000000 1.000000.000000
p4
8.155368 14.472136 -22.472136
4.351144 17.236065 -22.472136
4.472136 17.608456 -20.000000
8.472136 14.702280 -20.000000
0.900000 0.200000 0.100000 0.900000 0.200000 0.100000 0.000000 0.000000 0.000000 1.000000.000000
p4
4.351144 17.236065 -22.472136
-0.351144 17.236065 -22.472136
-0.472136 17.608456 -20.000000
4.472136 17.608456 -20.000000
0.900000 0.200000 0.100000 0.900000 0.200000 0.100000 0.000000 0.000000 0.000000 1.000000.000000
p4
-0.351144 17.236065 -22.472136
-4.155368 14.472136 -22.472136
-4.472136 14.702280 -20.000000
-0.472136 17.608456 -20.000000
0.900000 0.200000 0.100000 0.900000 0.200000 0.100000 0.000000 0.000000 0.000000 1.000000.000000
p4
-4.155368 14.472136 -22.472136
-5.608456 10.000000 -22.472136
-6.000000 10.000000 -20.000000
-4.472136 14.702280 -20.000000
0.900000 0.200000 0.100000 0.900000 0.200000 0.100000 0.000000 0.000000 0.000000 1.000000.000000
p4
-5.608456 10.000000 -22.472136
-4.155368 5.527864 -22.472136
-4.472136 5.297720 -20.000000
-6.000000 10.000000 -20.000000
0.900000 0.200000 0.100000 0.900000 0.200000 0.100000 0.000000 0.000000 0.000000 1.000000.000000
p4
-4.155368 5.527864 -22.472136
-0.351144 2.763936 -22.472136
-0.472136 2.391544 -20.000000
-4.472136 5.297720 -20.000000
0.900000 0.200000 0.100000 0.900000 0.200000 0.100000 0.000000 0.000000 0.000000 1.000000.000000
p4
-0.351144 2.763936 -22.472136
4.351144 2.763936 -22.472136
4.472136 2.391544 -20.000000
-0.472136 2.391544 -20.000000
0.900000 0.200000 0.100000 0.900000 0.200000 0.100000 0.000000 0.000000 0.000000 1.000000.000000
p4
4.351144 2.763936 -22.472136
8.155368 5.527864 -22.472136
8.472136 5.297720 -20.000000
4.472136 2.391544 -20.000000
0.900000 0.200000 0.100000 0.900000 0.200000 0.100000 0.000000 0.000000 0.000000 1.000000.000000
p4
8.155368 5.527864 -22.472136
9.608456 10.000000 -22.472136
10.000000 10.000000 -20.000000
8.472136 5.297720 -20.000000
0.900000 0.200000 0.100000 0.900000 0.200000 0.100000 0.000000 0.000000 0.000000 1.000000.000000
p4
10.000000 10.000000 -20.000000
8.472136 14.702280 -20.000000
8.155368 14.472136 -17.527864
9.608456 10.000000 -17.527864
0.900000 0.200000 0.100000 0.900000 0.200000 0.100000 0.000000 0.000000 0.000000 1.000000.000000
p4
8.472136 14.702280 -20.000000
4.472136 17.608456 -20.000000
4.351144 17.236065 -17.527864
8.155368 14.472136 -17.527864
0.900000 0.200000 0.100000 0.900000 0.200000 0.100000 0.000000 0.000000 0.000000 1.000000.000000
p4
4.472136 17.608456 -20.000000
-0.472136 17.608456 -20.000000
-0.351144 17.236065 -17.527864
4.351144 17.236065 -17.527864
0.900000 0.200000 0.100000 0.900000 0.200000 0.100000 0.000000 0.000000 0.000000 1.000000.000000
p4
-0.472136 17.608456 -20.000000
-4.472136 14.702280 -20.000000
-4.155368 14.472136 -17.527864
-0.351144 17.236065 -17.527864
0.900000 0.200000 0.100000 0.900000 0.200000 0.100000 0.000000 0.000000 0.000000 1.000000.000000
p4
-4.472136 14.702280 -20.000000
-6.000000 10.000000 -20.000000
-5.608456 10.000000 -17.527864
-4.155368 14.472136 -17.527864
0.900000 0.200000 0.100000 0.900000 0.200000 0.100000 0.000000 0.000000 0.000000 1.000000.000000
p4
-6.000000 10.000000 -20.000000
-4.472136 5.297720 -20.000000
-4.155368 5.527864 -17.527864
-5.608456 10.000000 -17.527864
0.900000 0.200000 0.100000 0.900000 0.200000 0.100000 0.000000 0.000000 0.000000 1.000000.000000
p4
-4.472136 5.297720 -20.000000
-0.472136 2.391544 -20.000000
-0.351144 2.763936 -17.527864
-4.155368 5.527864 -17.527864
0.900000 0.200000 0.100000 0.900000 0.200000 0.100000 0.000000 0.000000 0.000000 1.000000.000000
p4
-0.472136 2.391544 -20.000000
4.472136 2.391544 -20.000000
4.351144 2.763936 -17.527864
-0.351144 2.763936 -17.527864
0.900000 0.200000 0.100000 0.900000 0.200000 0.100000 0.000000 0.000000 0.000000 1.000000.000000
p4
4.472136 2.391544 -20.000000
8.472136 5.297720 -20.000000
8.155368 5.527864 -17.527864
4.351144 2.763936 -17.527864
0.900000 0.200000 0.100000 0.900000 0.200000 0.100000 0.000000 0.000000 0.000000 1.000000.000000
p4
8.472136 5.297720 -20.000000
10.000000 10.000000 -20.000000
9.608456 10.000000 -17.527864
8.155368 5.527864 -17.527864
0.900000 0.200000 0.100000 0.900000 0.200000 0.100000 0.000000 0.000000 0.000000 1.000000.000000
p4
9.608456 10.000000 -17.527864
8.155368 14.472136 -17.527864
7.236064 13.804224 -15.297720
8.472136 10.000000 -15.297720
0.900000 0.200000 0.100000 0.900000 0.200000 0.100000 0.000000 0.000000 0.000000 1.000000.000000
p4
8.155368 14.472136 -17.527864
4.351144 17.236065 -17.527864
4.000000 16.155369 -15.297720
7.236064 13.804224 -15.297720
0.900000 0.200000 0.100000 0.900000 0.200000 0.100000 0.000000 0.000000 0.000000 1.000000.000000
p4
4.351144 17.236065 -17.527864
-0.351144 17.236065 -17.527864
0.000000 16.155369 -15.297720
4.000000 16.155369 -15.297720
0.900000 0.200000 0.100000 0.900000 0.200000 0.100000 0.000000 0.000000 0.000000 1.000000.000000
p4
-0.351144 17.236065 -17.527864
-4.155368 14.472136 -17.527864
-3.236064 13.804224 -15.297720
0.000000 16.155369 -15.297720
0.900000 0.200000 0.100000 0.900000 0.200000 0.100000 0.000000 0.000000 0.000000 1.000000.000000
p4
-4.155368 14.472136 -17.527864
-5.608456 10.000000 -17.527864
-4.472136 10.000000 -15.297720
-3.236064 13.804224 -15.297720
0.900000 0.200000 0.100000 0.900000 0.200000 0.100000 0.000000 0.000000 0.000000 1.000000.000000
p4
-5.608456 10.000000 -17.527864
-4.155368 5.527864 -17.527864
-3.236064 6.195776 -15.297720
-4.472136 10.000000 -15.297720
0.900000 0.200000 0.100000 0.900000 0.200000 0.100000 0.000000 0.000000 0.000000 1.000000.000000
p4
-4.155368 5.527864 -17.527864
-0.351144 2.763936 -17.527864
0.000000 3.844632 -15.297720
-3.236064 6.195776 -15.297720
0.900000 0.200000 0.100000 0.900000 0.200000 0.100000 0.000000 0.000000 0.000000 1.000000.000000
p4
-0.351144 2.763936 -17.527864
4.351144 2.763936 -17.527864
4.000000 3.844632 -15.297720
0.000000 3.844632 -15.297720
0.900000 0.200000 0.100000 0.900000 0.200000 0.100000 0.000000 0.000000 0.000000 1.000000.000000
p4
4.351144 2.763936 -17.527864
8.155368 5.527864 -17.527864
7.236064 6.195776 -15.297720
4.000000 3.844632 -15.297720
0.900000 0.200000 0.100000 0.900000 0.200000 0.100000 0.000000 0.000000 0.000000 1.000000.000000
p4
8.155368 5.527864 -17.527864
9.608456 10.000000 -17.527864
8.472136 10.000000 -15.297720
7.236064 6.195776 -15.297720
0.900000 0.200000 0.100000 0.900000 0.200000 0.100000 0.000000 0.000000 0.000000 1.000000.000000
p4
8.472136 10.000000 -15.297720
7.236064 13.804224 -15.297720
5.804224 12.763936 -13.527864
6.702280 10.000000 -13.527864
0.900000 0.200000 0.100000 0.900000 0.200000 0.100000 0.000000 0.000000 0.000000 1.000000.000000
p4
7.236064 13.804224 -15.297720
4.000000 16.155369 -15.297720
3.453088 14.472136 -13.527864
5.804224 12.763936 -13.527864
0.900000 0.200000 0.100000 0.900000 0.200000 0.100000 0.000000 0.000000 0.000000 1.000000.000000
p4
4.000000 16.155369 -15.297720
0.000000 16.155369 -15.297720
0.546912 14.472136 -13.527864
3.453088 14.472136 -13.527864
0.900000 0.200000 0.100000 0.900000 0.200000 0.100000 0.000000 0.000000 0.000000 1.000000.000000
p4
0.000000 16.155369 -15.297720
-3.236064 13.804224 -15.297720
-1.804224 12.763936 -13.527864
0.546912 14.472136 -13.527864
0.900000 0.200000 0.100000 0.900000 0.200000 0.100000 0.000000 0.000000 0.000000 1.000000.000000
p4
-3.236064 13.804224 -15.297720
-4.472136 10.000000 -15.297720
-2.702280 10.000000 -13.527864
-1.804224 12.763936 -13.527864
0.900000 0.200000 0.100000 0.900000 0.200000 0.100000 0.000000 0.000000 0.000000 1.000000.000000
p4
-4.472136 10.000000 -15.297720
-3.236064 6.195776 -15.297720
-1.804224 7.236064 -13.527864
-2.702280 10.000000 -13.527864
0.900000 0.200000 0.100000 0.900000 0.200000 0.100000 0.000000 0.000000 0.000000 1.000000.000000
p4
-3.236064 6.195776 -15.297720
0.000000 3.844632 -15.297720
0.546912 5.527864 -13.527864
-1.804224 7.236064 -13.527864
0.900000 0.200000 0.100000 0.900000 0.200000 0.100000 0.000000 0.000000 0.000000 1.000000.000000
p4
0.000000 3.844632 -15.297720
4.000000 3.844632 -15.297720
3.453088 5.527864 -13.527864
0.546912 5.527864 -13.527864
0.900000 0.200000 0.100000 0.900000 0.200000 0.100000 0.000000 0.000000 0.000000 1.000000.000000
p4
4.000000 3.844632 -15.297720
7.236064 6.195776 -15.297720
5.804224 7.236064 -13.527864
3.453088 5.527864 -13.527864
0.900000 0.200000 0.100000 0.900000 0.200000 0.100000 0.000000 0.000000 0.000000 1.000000.000000
p4
7.236064 6.195776 -15.297720
8.472136 10.000000 -15.297720
6.702280 10.000000 -13.527864
5.804224 7.236064 -13.527864
0.900000 0.200000 0.100000 0.900000 0.200000 0.100000 0.000000 0.000000 0.000000 1.000000.000000
p4
6.702280 10.000000 -13.527864
5.804224 12.763936 -13.527864
4.000000 11.453088 -12.391544
4.472136 10.000000 -12.391544
0.900000 0.200000 0.100000 0.900000 0.200000 0.100000 0.000000 0.000000 0.000000 1.000000.000000
p4
5.804224 12.763936 -13.527864
3.453088 14.472136 -13.527864
2.763936 12.351144 -12.391544
4.000000 11.453088 -12.391544
0.900000 0.200000 0.100000 0.900000 0.200000 0.100000 0.000000 0.000000 0.000000 1.000000.000000
p4
3.453088 14.472136 -13.527864
0.546912 14.472136 -13.527864
1.236064 12.351144 -12.391544
2.763936 12.351144 -12.391544
0.900000 0.200000 0.100000 0.900000 0.200000 0.100000 0.000000 0.000000 0.000000 1.000000.000000
p4
0.546912 14.472136 -13.527864
-1.804224 12.763936 -13.527864
0.000000 11.453088 -12.391544
1.236064 12.351144 -12.391544
0.900000 0.200000 0.100000 0.900000 0.200000 0.100000 0.000000 0.000000 0.000000 1.000000.000000
p4
-1.804224 12.763936 -13.527864
-2.702280 10.000000 -13.527864
-0.472136 10.000000 -12.391544
0.000000 11.453088 -12.391544
0.900000 0.200000 0.100000 0.900000 0.200000 0.100000 0.000000 0.000000 0.000000 1.000000.000000
p4
-2.702280 10.000000 -13.527864
-1.804224 7.236064 -13.527864
0.000000 8.546912 -12.391544
-0.472136 10.000000 -12.391544
0.900000 0.200000 0.100000 0.900000 0.200000 0.100000 0.000000 0.000000 0.000000 1.000000.000000
p4
-1.804224 7.236064 -13.527864
0.546912 5.527864 -13.527864
1.236064 7.648856 -12.391544
0.000000 8.546912 -12.391544
0.900000 0.200000 0.100000 0.900000 0.200000 0.100000 0.000000 0.000000 0.000000 1.000000.000000
p4
0.546912 5.527864 -13.527864
3.453088 5.527864 -13.527864
2.763936 7.648856 -12.391544
1.236064 7.648856 -12.391544
0.900000 0.200000 0.100000 0.900000 0.200000 0.100000 0.000000 0.000000 0.000000 1.000000.000000
p4
3.453088 5.527864 -13.527864
5.804224 7.236064 -13.527864
4.000000 8.546912 -12.391544
2.763936 7.648856 -12.391544
0.900000 0.200000 0.100000 0.900000 0.200000 0.100000 0.000000 0.000000 0.000000 1.000000.000000
p4
5.804224 7.236064 -13.527864
6.702280 10.000000 -13.527864
4.472136 10.000000 -12.391544
4.000000 8.546912 -12.391544
0.900000 0.200000 0.100000 0.900000 0.200000 0.100000 0.000000 0.000000 0.000000 1.000000.000000
p3
4.472136 10.000000 -12.391544
4.000000 11.453088 -12.391544
2.000000 10.000000 -12.000000
0.900000 0.200000 0.100000 0.900000 0.200000 0.100000 0.000000 0.000000 0.000000 1.000000.000000
p3
4.000000 11.453088 -12.391544
2.763936 12.351144 -12.391544
2.000000 10.000000 -12.000000
0.900000 0.200000 0.100000 0.900000 0.200000 0.100000 0.000000 0.000000 0.000000 1.000000.000000
p3
2.763936 12.351144 -12.391544
1.236064 12.351144 -12.391544
2.000000 10.000000 -12.000000
0.900000 0.200000 0.100000 0.900000 0.200000 0.100000 0.000000 0.000000 0.000000 1.000000.000000
p3
1.236064 12.351144 -12.391544
0.000000 11.453088 -12.391544
2.000000 10.000000 -12.000000
0.900000 0.200000 0.100000 0.900000 0.200000 0.100000 0.000000 0.000000 0.000000 1.000000.000000
p3
0.000000 11.453088 -12.391544
-0.472136 10.000000 -12.391544
2.000000 10.000000 -12.000000
0.900000 0.200000 0.100000 0.900000 0.200000 0.100000 0.000000 0.000000 0.000000 1.000000.000000
p3
-0.472136 10.000000 -12.391544
0.000000 8.546912 -12.391544
2.000000 10.000000 -12.000000
0.900000 0.200000 0.100000 0.900000 0.200000 0.100000 0.000000 0.000000 0.000000 1.000000.000000
p3
0.000000 8.546912 -12.391544
1.236064 7.648856 -12.391544
2.000000 10.000000 -12.000000
0.900000 0.200000 0.100000 0.900000 0.200000 0.100000 0.000000 0.000000 0.000000 1.000000.000000
p3
1.236064 7.648856 -12.391544
2.763936 7.648856 -12.391544
2.000000 10.000000 -12.000000
0.900000 0.200000 0.100000 0.900000 0.200000 0.100000 0.000000 0.000000 0.000000 1.000000.000000
p3
2.763936 7.648856 -12.391544
4.000000 8.546912 -12.391544
2.000000 10.000000 -12.000000
0.900000 0.200000 0.100000 0.900000 0.200000 0.100000 0.000000 0.000000 0.000000 1.000000.000000
p3
4.000000 8.546912 -12.391544
4.472136 10.000000 -12.391544
2.000000 10.000000 -12.000000
0.900000 0.200000 0.100000 0.900000 0.200000 0.100000 0.000000 0.000000 0.000000 1.000000.000000
